18
22
173653375 42145079 305855472 601124366 203049884 201148597 393797675 898669253 104644224 186370479 59973705 459467574 516046718 170961224 165170455 591297846 873906206 94726590 685003956 147425801 78387966 236248560
24
879645443 315047015 27148665 890422179 290201575 662213006 263546328 125806697 835866381 158207759 284178521 289507099 213773995 337843471 683304774 112443248 442487695 722191605 24933306 901955269 90754676 48410882 67125724 682052522
90
14368666 219572830 922259242 92756633 455821390 460010117 972402076 623384757 339675135 715340607 913586332 1888141 831403288 891909381 690270874 989611047 28604255 979777973 55901395 366447726 515599100 20860995 808935421 237790705 45794301 563407042 328545381 94205184 483049119 863114255 869038625 497417785 82687085 643814219 442690770 391024827 103824336 267609199 14409584 443499471 982949806 780512269 297903964 666869446 524938002 988174838 508996846 406058609 967952812 564898241 772506335 336068264 585759236 433958108 573858969 631553538 849881503 754920703 578275074 185446974 618034958 447313699 682864759 553238396 91127918 125555530 796779575 47468606 245681081 663705512 343484430 81147239 296734133 641388394 748016686 821672135 629563233 257013532 80247097 450032397 821911773 852753432 786100661 260187361 139227893 212475982 891740899 989109396 967396685 322532325
23
437947996 769846024 709937481 843702744 713490294 688009363 640482319 613475253 933690444 156704183 956959683 14837684 453438316 598348077 615370722 127626804 80427662 872384254 207873901 382976411 546812379 60627333 21593424
41
52371578 234069407 551256992 893997326 53982444 873789317 921070048 344446792 496151694 483523882 188149536 62158340 24049597 681148208 675633593 957740042 837852391 485109628 825094078 291290708 83457706 292981152 418917512 16401720 17881758 626791413 399378132 564694137 539935098 420971556 224210229 444823029 507557315 627983573 338820355 561539760 354289243 112406756 905986552 850440937 595930638
42
765115629 619980235 627800649 293265575 430236629 318169392 778375203 107847059 609460100 714349261 400828211 880893964 730750982 418709969 360201729 982645466 983404106 900136828 256133374 60130688 197476209 763690690 688114261 536296564 177746802 42403504 648703320 83733354 745360793 97150310 882902147 362992775 717130546 363219148 656258350 147367175 681388541 434633553 255214235 143364993 1499167 656042446
59
732250149 74752416 384460687 567411967 910672874 137113867 823545341 823319914 334590076 587236031 363950528 723402993 764982833 258870384 224622665 701232540 4231178 321772976 436651039 219740305 38903522 799870188 875998655 38787049 481258729 163148560 294001284 624623722 164647727 802560083 501399032 896897876 729828851 885859720 316826195 493018077 875489939 140371537 316337992 62596368 580123920 680288520 785999361 197623106 939158904 10622026 898855646 795906434 332395002 188023037 15646739 223814876 987893225 744161746 262601926 321668306 907310307 556603210 946292029
35
211679645 300207413 821372263 941508496 38583485 138198458 434526574 914073425 131086347 603380918 976669793 711210268 136185790 762669154 908833374 75344694 625807532 660205372 723767481 958202535 848228409 591930572 34533763 836121635 188608671 297135689 10306293 95918978 853738900 956598322 20393364 65418545 109322088 841765627 859443394
74
979964086 146486320 61978998 111050433 749867238 38648791 674777053 886053028 653834297 583610427 813914074 132158182 96332151 390197907 90360717 944560561 982128480 124894480 633198548 23253503 274546522 643504841 119172481 128285422 452619516 139565845 46220319 561941604 981331473 758180065 709847177 813811911 904666385 771826176 777378696 654533623 662991319 304672102 393103003 169341969 888282529 207017078 301500151 984614681 597214985 244377220 781691594 431859817 221788052 414890142 455113320 496334574 58394983 426802153 477136348 363530851 566367999 375873020 925472455 400215824 134053085 635319633 66544087 891235823 259662161 696439135 398285798 775169832 1111237 791388802 944511801 741910119 998405880 98528304
53
448137217 195421876 360732746 732513387 417209929 628139240 40143059 766060855 539050575 466945213 95713556 902581427 33313212 471586576 828053882 286045388 458156013 315889867 205105827 201908188 428068380 901544962 600193987 203238213 902656200 391582789 266366 497082671 242505021 98794671 76123823 543158590 146732899 289372921 275671977 563942828 917512161 315815037 182520036 456562736 782760250 278233592 211660515 668589814 749820168 39714398 807151554 60492533 208120617 12257381 262400722 636188998 913802343
10
691943563 668974895 106693850 692209929 18573918 201715223 643520952 94697741 744873813 790253852
63
20545791 206713032 154099175 188877180 389233068 610661912 824153782 667466660 822322427 345259948 269803180 714553177 152411502 182812066 775190147 17185235 445212788 263895497 930987578 160323849 955839060 452478826 119534051 500565341 471052744 321249274 144086294 418266838 66123087 786856498 802337500 939185230 846085882 956436676 128062410 87835303 419614940 804732544 755301963 94453719 149992492 877621496 661523249 154920346 60433562 436713396 172105581 358162702 700608893 103093160 518486551 508964305 408088338 638020602 9529646 731657434 959269876 6132292 149924272 877909315 645505142 804778125 817094546
26
613731153 797673308 579426328 33346093 454922205 187244643 980316164 604914697 64866139 641839413 759835044 977816053 931069161 931940625 335978755 484194406 887550137 706981658 993158711 148154827 197518612 2688358 879812262 9304840 861337002 882252886
57
506842145 687031011 556825054 850949522 153278516 207014714 282892202 39140961 661936919 470136845 19457126 119367969 387519337 513812891 879203013 217851742 444882053 663659990 553830498 929076459 403726480 113328508 774751523 404397659 310847121 629956233 136726273 320151961 491293235 18979160 207366117 850651732 558526523 764191171 701601254 711805040 971205886 984493456 750946001 485659157 307146654 770403127 605027126 547182343 136732371 336746491 765034085 581614424 406482 171380935 363207235 256649314 284709444 137958758 661046973 595556565 620431343
48
915708526 111724579 669268759 123074644 814892663 227795282 739782167 369010270 939600322 563504405 206020078 543062676 49163563 513166732 165982155 506707041 60349075 302714526 843453533 677899513 884328950 696376367 849280448 100052538 953025681 133989892 90527648 466589006 729546457 710958992 116878605 497771336 675199923 786147364 473362332 342608938 866458999 65660851 711619208 658575673 629165257 917639287 201638349 530845172 283322371 367620505 37552213 196187799
32
733522098 874087312 407180334 429898465 723367760 359749224 235440498 709874005 450276872 554545857 291936814 13752216 671424462 789708150 541468491 310088179 263070482 884077430 29063530 328731334 595696638 687639203 810412943 365852277 889277553 193774467 649174649 109414410 83843032 845362448 632265793 817365131
61
39446127 99779948 295333872 251711703 335220447 5207877 701988576 889766304 149661044 568257144 413707118 939369194 109725636 576311649 54956029 993803066 605375179 383687363 442016056 293014383 46616658 807868334 34808288 240391125 309559335 144222698 324234157 154921783 629004843 141599288 726887895 520967323 241379237 22221767 772679026 429116036 879945997 327183954 171398692 29607041 895441099 585105810 821492587 5166735 13933812 876448616 851486153 619308991 112652331 146018561 912323374 159268989 806403247 799648014 399660114 115962582 796387064 723894272 123400717 425391908 865493560
13
946359231 959389149 725026732 571554609 388505185 457489081 898738564 559903877 339612474 794179663 997526040 161105061 651862750